179
769
770
2
515
516
262
518
777
11
12
524
13
271
15
527
529
275
20
533
278
23
26
794
795
539
284
286
798
289
547
36
41
299
43
556
300
44
558
302
303
49
50
307
55
312
313
60
578
581
72
584
586
74
587
588
590
78
79
594
338
595
85
346
97
354
355
611
101
357
103
106
364
110
111
368
114
370
627
372
628
118
374
630
375
632
120
378
379
380
382
126
383
640
130
387
645
650
652
397
653
143
656
145
146
402
406
663
665
667
411
670
159
415
672
160
673
674
163
676
677
424
681
173
431
175
433
177
178
691
180
692
441
189
445
702
704
193
705
451
707
708
709
710
199
200
204
716
461
462
208
466
723
731
476
478
736
739
485
231
743
232
488
745
747
236
749
240
755
499
757
246
247
760
761
763
508
252
509
511